414 131311113111

111. 111 111131 31131. 3313113111 1111331. 3133111313 rom
313 31 1131131 1311131311 33.
“5 113,1. 3311113 113131. 111 11113331311111111111113311111131311.

3. 1313311111111 (11 1 1111111113133311311111. 31111311 11131 glossema
3111111 311311 1131133. 3331 nequitatem 3111. 31. 1. adimam W. 111.
nc. 111111. (iiiii, 33311311 3311. 31 311. rell. 1131 3111111 11111131. 3111.
⁵. devoravimus 3311 31. Pron. 31111, 3331331. 31. Coi, 11. m. 111311
111111113 113. 3313 3111 1113111311 111 1133131 1113111 31111111 im offerret
11111131 3111131111. Punic. 11 1313 133111 311. m. 133111113111113111 Wi
13313113111133, 1311 3331331131311311111 W. 3313 3113111 31111111 313
11111111 11111111 13111131 31331111. 1111313 31 Bc. Concordem 311. Coi.
113113 331. statim 31131111 311. 133. eifum 3131313. 3331313131·-
sm 1311311 1. 3111. 11 31 111 31111311133313 111111. 31 3111. Tum
3311131 3133111111. 113111 11131 13133331 3111111 333131111111. Ei 1313113
iiim 3113111 113331, 3133111111 311111. Motu.
P. 217.
1. 33313 1111131131· 1313113133 31. 2.1111333311131.313111. 331313

’ nunciavit mg, 1131111311 131311. 11111111. Pistor. 3. 311111311311111311 31.

1131 3311331311. 133. 1113 313 quia W.

§. 120, 2. 31133 3133111 W. Mag. 3111, 3113333311 3311. 1311. e.
vulgatis libris. 111111 1311313331 ·- nuncius 13313 Bb. 3. 3333131133 in
3313111 11113. 313 11 idem 13131333. 33111 3111111133. 1131133111131.
333. particulam 31 311. 11. 5. (1133331131 11.11131.11111.,1311111131311113
313311031113311131, 13111111311133, noc 111131 31. 111, ab 1.

131311 1113113111131, quam lectionem 1311. quoque 11311133. 31311. 1111311.
ceteraeque 1111113111 antecedentes 31111331; 1331313113 scribit Bb. Ce-
terum 1313311111111.1.1131111311ε 131131313111111111311 11333. 3313 31-

11311111 13111131 3311111111 l. c.: Non 111 1131131 Regum 11313113. 6. *ora
,1. 3311113111

na. 33131113133311313.31.1131. 1333331131, 33113 331. 33.
7. 3113131131313111311111 col. 13 1131. 111. 031131. 3. 98 31 11131331.
3. 442. Ρ13 31313 31313 (133311311313 3111111111), 313. 30331131
3133131 31, 31 3133131 33 31 Md. Deinde 11113113 verborum 311133
1313111333. aa 31311 33311311 311113, 31111113. 31111. m.
1133131331 31. 11313 11131 113 313 1133 una cum 311. 1111131. Coit. 3313.
11331313 3133113111 31. 111 31111311, 3113311131 113. ‘ium 113 313 ici,
13131111 31 13311, 1113131. Col. 331133331113113113 3311. omnibus
11313333 11 31.1131.,33333111331.113311. ceterisque 11113 11131. 3111311
pro 31331111 Bb. 10. ,13311111 ad 31113313. 31. 1313 31113133 exhibent
111111. 31 (1111. Verbis: 3311 11311 331331133331111 1111 1133111113ὸί3
3331131313.

§. 121, 1. 3111111 om. 33. 2. 333· qum· multitudinie 11113131,
m 33111311113 31111113 311. 111311. 313313111 11131131 antiquioribus.

 

